0.0025808 -0.0025808 0.0022902 6.8742e-06 0.0010977 -0.0019093 0.0019584 -0.0017597 -1.4738e-06 -0.00085464
-0.0025808 0.044129 -0.015314 -6.675e-05 0.0067927 0.0015121 -0.03317 0.0093358 5.8048e-05 -0.0053403
0.0022902 -0.015314 0.020829 9.1643e-05 -0.00063918 -0.0014882 0.01125 -0.014154 -6.2316e-05 0.00044414
6.8742e-06 -6.675e-05 9.1643e-05 2.1453e-05 -1.9564e-05 -3.2281e-06 4.9063e-05 -5.5555e-05 -9.2981e-07 1.5263e-05
0.0010977 0.0067927 -0.00063918 -1.9564e-05 0.015975 -0.00090342 -0.0047367 -0.00036521 2.2214e-05 -0.012878
-0.0019093 0.0015121 -0.0014882 -3.2281e-06 -0.00090342 0.0014669 -0.0011635 0.001189 -2.2684e-07 0.00070961
0.0019584 -0.03317 0.01125 4.9063e-05 -0.0047367 -0.0011635 0.025254 -0.0068992 -4.2392e-05 0.0037159
-0.0017597 0.0093358 -0.014154 -5.5555e-05 -0.00036521 0.001189 -0.0068992 0.010147 3.9212e-05 0.00030254
-1.4738e-06 5.8048e-05 -6.2316e-05 -9.2981e-07 2.2214e-05 -2.2684e-07 -4.2392e-05 3.9212e-05 2.0714e-05 -1.7294e-05
-0.00085464 -0.0053403 0.00044414 1.5263e-05 -0.012878 0.00070961 0.0037159 0.00030254 -1.7294e-05 0.010455
