0.061127 0 0 0 0 -0.037317 0.0032982 -0.0017094 -2.0662e-06 -0.0010842
0 1.0725 0 0 0 -0.0086741 -0.60979 -0.018771 1.4458e-05 -0.004518
0 0 0.152 0 0 0.0093337 0.024729 -0.079994 -0.00014603 0.0046242
0 0 0 0.00092158 0 -0.0034078 -0.0034394 0.0069862 -0.00048665 -0.0058501
0 0 0 0 0.50295 0.0081406 -0.0016377 0.0032217 7.7504e-05 -0.29171
-0.037317 -0.0086741 0.0093337 -0.0034078 0.0081406 0 0 0 0 0
0.0032982 -0.60979 0.024729 -0.0034394 -0.0016377 0 0 0 0 0
-0.0017094 -0.018771 -0.079994 0.0069862 0.0032217 0 0 0 0 0
-2.0662e-06 1.4458e-05 -0.00014603 -0.00048665 7.7504e-05 0 0 0 0 0
-0.0010842 -0.004518 0.0046242 -0.0058501 -0.29171 0 0 0 0 0
