0.058466 -0.0034409 -0.039242 0.00095306 0.032767 0.0033026 0.0064843 0.0053822 -0.00045818 0.0062189
-0.0034409 0.066594 -0.043885 -0.0012077 0.0060772 0.0046623 -0.0075483 0.014328 0.00020454 0.0062646
-0.039242 -0.043885 0.12704 -0.00053196 -0.029942 -0.0072917 0.002133 -0.017679 0.00014267 0.0024189
0.00095306 -0.0012077 -0.00053196 7.5693e-05 0.00067312 -2.4703e-05 0.00020204 -8.1772e-05 -1.4341e-05 -0.00021041
0.032767 0.0060772 -0.029942 0.00067312 0.036642 0.0033284 0.0081535 0.0023336 -0.00054121 -0.0021861
0.0033026 0.0046623 -0.0072917 -2.4703e-05 0.0033284 0.00728 0.0023559 -0.0011471 -2.134e-05 0.0058557
0.0064843 -0.0075483 0.002133 0.00020204 0.0081535 0.0023559 0.0066539 -0.003888 -0.00026323 0.00087863
0.0053822 0.014328 -0.017679 -8.1772e-05 0.0023336 -0.0011471 -0.003888 0.007704 3.9694e-05 -0.00061018
-0.00045818 0.00020454 0.00014267 -1.4341e-05 -0.00054121 -2.134e-05 -0.00026323 3.9694e-05 3.7471e-05 6.5615e-05
0.0062189 0.0062646 0.0024189 -0.00021041 -0.0021861 0.0058557 0.00087863 -0.00061018 6.5615e-05 0.013084
